0 0.5516666666666666 0.2886666666666667 0.04466666666666667 0.05333333333333334
0 0.622 0.218 0.058666666666666666 0.05333333333333334
0 0.20266666666666666 0.2946666666666667 0.04933333333333333 0.04133333333333333
0 0.15333333333333332 0.3333333333333333 0.05333333333333334 0.04666666666666667
0 0.43 0.37533333333333335 0.05333333333333334 0.05333333333333334
0 0.985 0.2896666666666667 0.024666666666666667 0.062
0 0.9866666666666667 0.49466666666666664 0.024 0.06133333333333333
0 0.39366666666666666 0.634 0.05266666666666667 0.052
0 0.3453333333333333 0.549 0.05333333333333334 0.056666666666666664
0 0.39266666666666666 0.48933333333333334 0.052 0.052
0 0.41733333333333333 0.5523333333333333 0.05466666666666667 0.05266666666666667
0 0.35533333333333333 0.8033333333333333 0.05466666666666667 0.05733333333333333
1 0.31533333333333335 0.7133333333333334 0.04533333333333334 0.048
1 0.2996666666666667 0.805 0.04466666666666667 0.05
1 0.8983333333333333 0.983 0.046 0.027333333333333334
