0 0.26766666666666666 0.042333333333333334 0.038 0.043333333333333335
0 0.7893333333333333 0.27466666666666667 0.04666666666666667 0.04666666666666667
0 0.8023333333333333 0.3283333333333333 0.04466666666666667 0.046
0 0.6363333333333333 0.49266666666666664 0.05 0.05466666666666667
0 0.3983333333333333 0.5593333333333333 0.048666666666666664 0.04666666666666667
0 0.2853333333333333 0.6616666666666666 0.056 0.05533333333333333
0 0.10566666666666667 0.649 0.05533333333333333 0.05
0 0.5276666666666666 0.7036666666666667 0.05 0.046
0 0.8403333333333334 0.85 0.051333333333333335 0.04933333333333333
0 0.522 0.935 0.05466666666666667 0.051333333333333335
