0 0.286 0.16333333333333333 0.058666666666666666 0.05333333333333334
0 0.4076666666666667 0.14833333333333334 0.06733333333333333 0.06866666666666667
0 0.468 0.07866666666666666 0.06 0.04933333333333333
0 0.9186666666666666 0.06966666666666667 0.050666666666666665 0.051333333333333335
0 0.9816666666666667 0.06833333333333333 0.034 0.06733333333333333
0 0.9176666666666666 0.3413333333333333 0.048666666666666664 0.048
0 0.68 0.44266666666666665 0.05333333333333334 0.05466666666666667
0 0.48033333333333333 0.4136666666666667 0.056666666666666664 0.062
0 0.45466666666666666 0.2623333333333333 0.048 0.051333333333333335
0 0.5083333333333333 0.625 0.051333333333333335 0.051333333333333335
0 0.8186666666666667 0.5896666666666667 0.042666666666666665 0.043333333333333335
0 0.4033333333333333 0.7676666666666667 0.06133333333333333 0.062
