0 0.24766666666666667 0.13533333333333333 0.03933333333333333 0.04
0 0.29933333333333334 0.115 0.04666666666666667 0.043333333333333335
0 0.6666666666666666 0.059666666666666666 0.04533333333333334 0.05
0 0.923 0.444 0.04733333333333333 0.04
0 0.67 0.385 0.044 0.043333333333333335
0 0.639 0.4716666666666667 0.042 0.04466666666666667
0 0.7623333333333333 0.641 0.03933333333333333 0.04066666666666666
0 0.589 0.555 0.042 0.051333333333333335
0 0.584 0.7043333333333334 0.034666666666666665 0.04066666666666666
0 0.536 0.689 0.037333333333333336 0.04066666666666666
0 0.098 0.8883333333333333 0.04 0.038
0 0.9113333333333333 0.32966666666666666 0.034666666666666665 0.038
1 0.31166666666666665 0.7726666666666666 0.027333333333333334 0.029333333333333333
1 0.327 0.805 0.026 0.028666666666666667
1 0.2986666666666667 0.813 0.029333333333333333 0.034
