0 0.10633333333333334 0.14233333333333334 0.046 0.046
0 0.5736666666666667 0.159 0.051333333333333335 0.05533333333333333
0 0.395 0.244 0.051333333333333335 0.05333333333333334
0 0.373 0.35533333333333333 0.05 0.052
0 0.45666666666666667 0.3913333333333333 0.052 0.058666666666666666
0 0.14666666666666667 0.3303333333333333 0.048 0.054
0 0.058 0.44966666666666666 0.04666666666666667 0.051333333333333335
0 0.13333333333333333 0.6233333333333333 0.052 0.052
0 0.4116666666666667 0.5176666666666667 0.04466666666666667 0.05266666666666667
0 0.42766666666666664 0.627 0.04466666666666667 0.04466666666666667
0 0.55 0.6206666666666667 0.048 0.04666666666666667
0 0.626 0.6983333333333334 0.04933333333333333 0.05
0 0.893 0.49633333333333335 0.046 0.058
0 0.4686666666666667 0.8086666666666666 0.05466666666666667 0.042666666666666665
0 0.6143333333333333 0.8733333333333333 0.043333333333333335 0.048
0 0.635 0.9593333333333334 0.046 0.04133333333333333
0 0.3576666666666667 0.961 0.05 0.048666666666666664
0 0.5036666666666667 0.9703333333333334 0.043333333333333335 0.043333333333333335
0 0.448 0.91 0.050666666666666665 0.06
0 0.4643333333333333 0.667 0.04733333333333333 0.05533333333333333
1 0.621 0.3263333333333333 0.042 0.03933333333333333
1 0.5103333333333333 0.714 0.04466666666666667 0.04933333333333333
1 0.9743333333333334 0.7446666666666667 0.04466666666666667 0.042666666666666665
1 0.38333333333333336 0.783 0.04933333333333333 0.03933333333333333
