0 0.11433333333333333 0.6156666666666667 0.066 0.07
0 0.24933333333333332 0.43733333333333335 0.06666666666666667 0.072
0 0.6026666666666667 0.605 0.058666666666666666 0.062
0 0.6566666666666666 0.5833333333333334 0.05333333333333334 0.06
0 0.6973333333333334 0.5383333333333333 0.048 0.054
0 0.8363333333333334 0.6503333333333333 0.05 0.05266666666666667
0 0.7646666666666667 0.08866666666666667 0.052 0.058666666666666666
0 0.94 0.258 0.052 0.05333333333333334
0 0.8836666666666667 0.3233333333333333 0.051333333333333335 0.06
0 0.9473333333333334 0.9293333333333333 0.06133333333333333 0.06666666666666667
