0 0.25966666666666666 0.13333333333333333 0.043333333333333335 0.04133333333333333
0 0.30966666666666665 0.11233333333333333 0.046 0.042
0 0.6903333333333334 0.052 0.04466666666666667 0.048
0 0.935 0.3363333333333333 0.042 0.042
0 0.944 0.45666666666666667 0.048 0.050666666666666665
0 0.688 0.387 0.04666666666666667 0.04733333333333333
0 0.6553333333333333 0.474 0.050666666666666665 0.044
0 0.6053333333333333 0.5503333333333333 0.04933333333333333 0.05266666666666667
0 0.7826666666666666 0.6493333333333333 0.04666666666666667 0.04133333333333333
0 0.5976666666666667 0.719 0.048666666666666664 0.046
0 0.5436666666666666 0.701 0.05 0.05533333333333333
0 0.24433333333333335 0.6693333333333333 0.046 0.029333333333333333
0 0.1 0.8973333333333333 0.048 0.037333333333333336
1 0.3243333333333333 0.7743333333333333 0.038 0.03
1 0.3393333333333333 0.813 0.034666666666666665 0.038
1 0.305 0.8136666666666666 0.024666666666666667 0.028666666666666667
