0 0.172 0.09433333333333334 0.042666666666666665 0.042
0 0.19033333333333333 0.19333333333333333 0.04466666666666667 0.050666666666666665
0 0.06866666666666667 0.16033333333333333 0.04 0.038
0 0.133 0.2896666666666667 0.051333333333333335 0.05533333333333333
0 0.5203333333333333 0.216 0.04466666666666667 0.052
0 0.6183333333333333 0.22533333333333333 0.042 0.04933333333333333
0 0.6663333333333333 0.201 0.048666666666666664 0.05266666666666667
0 0.842 0.14166666666666666 0.037333333333333336 0.04066666666666666
0 0.8903333333333333 0.125 0.048666666666666664 0.05
0 0.9013333333333333 0.19633333333333333 0.04933333333333333 0.05
0 0.49366666666666664 0.3 0.054 0.05466666666666667
0 0.4256666666666667 0.4186666666666667 0.04466666666666667 0.044
0 0.6933333333333334 0.4146666666666667 0.04933333333333333 0.05733333333333333
0 0.8056666666666666 0.4746666666666667 0.051333333333333335 0.04933333333333333
0 0.9563333333333334 0.42833333333333334 0.043333333333333335 0.05
0 0.9783333333333334 0.6506666666666666 0.048666666666666664 0.06
0 0.955 0.7043333333333334 0.03933333333333333 0.042
0 0.639 0.8696666666666667 0.042 0.04066666666666666
0 0.5413333333333333 0.8233333333333334 0.04133333333333333 0.03866666666666667
0 0.26666666666666666 0.917 0.04666666666666667 0.046
1 0.3463333333333333 0.5746666666666667 0.04466666666666667 0.042666666666666665
1 0.25033333333333335 0.6433333333333333 0.04466666666666667 0.04666666666666667
1 0.3636666666666667 0.923 0.042 0.048666666666666664
