0 0.048 0.050333333333333334 0.03333333333333333 0.038
0 0.3333333333333333 0.04466666666666667 0.042666666666666665 0.036
0 0.6086666666666667 0.132 0.05333333333333334 0.05333333333333334
0 0.744 0.054 0.04133333333333333 0.052
0 0.6536666666666666 0.3016666666666667 0.043333333333333335 0.04466666666666667
0 0.5753333333333334 0.276 0.052 0.05466666666666667
0 0.4656666666666667 0.297 0.05 0.05
0 0.7483333333333333 0.38266666666666665 0.043333333333333335 0.04133333333333333
0 0.363 0.5186666666666667 0.046 0.044
0 0.31566666666666665 0.4653333333333333 0.04066666666666666 0.048
0 0.277 0.4523333333333333 0.03266666666666666 0.03933333333333333
0 0.6093333333333333 0.613 0.04666666666666667 0.048666666666666664
0 0.688 0.6556666666666666 0.04933333333333333 0.05
0 0.7336666666666667 0.677 0.04733333333333333 0.04733333333333333
0 0.5403333333333333 0.8333333333333334 0.043333333333333335 0.04133333333333333
0 0.13966666666666666 0.7566666666666667 0.04466666666666667 0.042666666666666665
0 0.789 0.853 0.042 0.056666666666666664
0 0.806 0.9466666666666667 0.050666666666666665 0.04666666666666667
0 0.8716666666666667 0.9633333333333334 0.04466666666666667 0.036
0 0.18933333333333333 0.917 0.042666666666666665 0.043333333333333335
1 0.212 0.454 0.030666666666666665 0.03333333333333333
1 0.546 0.7673333333333333 0.037333333333333336 0.04
1 0.756 0.26666666666666666 0.037333333333333336 0.04666666666666667
0 0.8886666666666667 0.516 0.037333333333333336 0.04666666666666667
0 0.7893333333333333 0.657 0.04133333333333333 0.043333333333333335
