0 0.4076666666666667 0.13733333333333334 0.05266666666666667 0.04666666666666667
0 0.4696666666666667 0.20766666666666667 0.06066666666666667 0.06066666666666667
0 0.16633333333333333 0.027 0.043333333333333335 0.046
0 0.19766666666666666 0.3343333333333333 0.05 0.042
0 0.054 0.47333333333333333 0.058666666666666666 0.05333333333333334
0 0.22066666666666668 0.6756666666666666 0.048 0.05
0 0.324 0.7103333333333334 0.03866666666666667 0.046
0 0.4643333333333333 0.6546666666666666 0.054 0.058666666666666666
0 0.554 0.3463333333333333 0.04 0.051333333333333335
0 0.8016666666666666 0.339 0.059333333333333335 0.06066666666666667
0 0.8526666666666667 0.25733333333333336 0.04533333333333334 0.048
0 0.9246666666666666 0.3233333333333333 0.06133333333333333 0.05733333333333333
0 0.8506666666666667 0.441 0.06133333333333333 0.058
0 0.8293333333333334 0.5906666666666667 0.06 0.05466666666666667
0 0.786 0.6693333333333333 0.04666666666666667 0.042666666666666665
0 0.8426666666666667 0.6986666666666667 0.06 0.06
0 0.9726666666666667 0.7216666666666667 0.05466666666666667 0.058
0 0.846 0.8326666666666667 0.048 0.04933333333333333
0 0.6266666666666667 0.8546666666666667 0.058666666666666666 0.058666666666666666
0 0.268 0.9533333333333334 0.06666666666666667 0.05333333333333334
0 0.673 0.937 0.056666666666666664 0.042
1 0.048 0.5896666666666667 0.04933333333333333 0.05
1 0.35233333333333333 0.25766666666666665 0.05266666666666667 0.043333333333333335
1 0.17233333333333334 0.16833333333333333 0.04466666666666667 0.03666666666666667
