0 0.19133333333333333 0.084 0.058666666666666666 0.04666666666666667
0 0.16833333333333333 0.17433333333333334 0.06333333333333334 0.059333333333333335
0 0.07866666666666666 0.38433333333333336 0.05333333333333334 0.051333333333333335
0 0.16766666666666666 0.38766666666666666 0.05533333333333333 0.058
0 0.31333333333333335 0.366 0.04666666666666667 0.04666666666666667
0 0.5 0.32666666666666666 0.04133333333333333 0.044
0 0.8096666666666666 0.23033333333333333 0.051333333333333335 0.04733333333333333
0 0.8716666666666667 0.232 0.051333333333333335 0.05333333333333334
0 0.213 0.5183333333333333 0.05266666666666667 0.058
0 0.2663333333333333 0.5086666666666667 0.046 0.048
0 0.6753333333333333 0.404 0.05466666666666667 0.05333333333333334
0 0.7646666666666667 0.5223333333333333 0.04533333333333334 0.051333333333333335
0 0.9096666666666666 0.733 0.051333333333333335 0.054
0 0.8416666666666667 0.7936666666666666 0.056666666666666664 0.051333333333333335
0 0.5353333333333333 0.8936666666666667 0.06 0.05533333333333333
0 0.435 0.7386666666666667 0.046 0.04133333333333333
0 0.23666666666666666 0.913 0.052 0.051333333333333335
0 0.083 0.7853333333333333 0.051333333333333335 0.052
0 0.4603333333333333 0.7776666666666666 0.048666666666666664 0.03666666666666667
1 0.072 0.034666666666666665 0.05733333333333333 0.048
1 0.18633333333333332 0.030333333333333334 0.051333333333333335 0.043333333333333335
1 0.7923333333333333 0.08666666666666667 0.05533333333333333 0.05466666666666667
1 0.5876666666666667 0.29733333333333334 0.048666666666666664 0.04933333333333333
1 0.978 0.3333333333333333 0.04533333333333334 0.05733333333333333
1 0.8853333333333333 0.62 0.044 0.052
0 0.578 0.508 0.056 0.052
1 0.30666666666666664 0.5356666666666666 0.05466666666666667 0.034
1 0.49433333333333335 0.8 0.04066666666666666 0.04
