0 0.22 0.127 0.05333333333333334 0.054
0 0.31633333333333336 0.027333333333333334 0.043333333333333335 0.04666666666666667
0 0.459 0.03233333333333333 0.046 0.05266666666666667
0 0.4036666666666667 0.16733333333333333 0.04466666666666667 0.04533333333333334
0 0.72 0.121 0.04533333333333334 0.051333333333333335
0 0.9513333333333334 0.17366666666666666 0.042666666666666665 0.043333333333333335
0 0.719 0.32033333333333336 0.05266666666666667 0.05533333333333333
1 0.19133333333333333 0.3576666666666667 0.048 0.05
0 0.3506666666666667 0.5383333333333333 0.04933333333333333 0.054
0 0.391 0.6013333333333334 0.034 0.03866666666666667
0 0.5936666666666667 0.6453333333333333 0.03933333333333333 0.04666666666666667
0 0.683 0.614 0.05266666666666667 0.050666666666666665
0 0.7553333333333333 0.5483333333333333 0.050666666666666665 0.05
0 0.346 0.9376666666666666 0.05333333333333334 0.04733333333333333
0 0.091 0.7726666666666666 0.043333333333333335 0.05333333333333334
1 0.8113333333333334 0.8363333333333334 0.048 0.043333333333333335
1 0.6236666666666667 0.905 0.042 0.046
0 0.708 0.5186666666666667 0.03866666666666667 0.048
