0 0.43866666666666665 0.030333333333333334 0.036 0.056666666666666664
0 0.6346666666666667 0.042 0.04666666666666667 0.04533333333333334
0 0.7163333333333334 0.2673333333333333 0.04466666666666667 0.050666666666666665
0 0.674 0.32666666666666666 0.036 0.044
0 0.324 0.246 0.052 0.042666666666666665
0 0.206 0.596 0.04 0.04533333333333334
0 0.178 0.6536666666666666 0.048 0.054
0 0.444 0.5853333333333334 0.042666666666666665 0.04133333333333333
0 0.5173333333333333 0.6093333333333333 0.04133333333333333 0.04133333333333333
0 0.7756666666666666 0.7643333333333333 0.05 0.038
0 0.59 0.9626666666666667 0.04666666666666667 0.048
0 0.7013333333333334 0.6736666666666666 0.034666666666666665 0.04466666666666667
