0 0.8033333333333333 0.514 0.05333333333333334 0.05333333333333334
0 0.6443333333333333 0.898 0.048666666666666664 0.05733333333333333
0 0.44533333333333336 0.931 0.04 0.043333333333333335
0 0.232 0.8156666666666667 0.044 0.046
0 0.05 0.39566666666666667 0.04133333333333333 0.043333333333333335
0 0.19333333333333333 0.7603333333333333 0.056 0.04733333333333333
0 0.21033333333333334 0.848 0.038 0.03333333333333333
1 0.5343333333333333 0.7706666666666667 0.051333333333333335 0.050666666666666665
1 0.818 0.146 0.03866666666666667 0.042666666666666665
1 0.8156666666666667 0.07566666666666666 0.046 0.046
1 0.7933333333333333 0.11366666666666667 0.04933333333333333 0.04466666666666667
