1 0.4583333333333333 0.04466666666666667 0.048666666666666664 0.04666666666666667
1 0.7376666666666667 0.4013333333333333 0.05 0.048
0 0.08566666666666667 0.11466666666666667 0.05 0.042666666666666665
0 0.6083333333333333 0.06466666666666666 0.058 0.05333333333333334
0 0.505 0.17933333333333334 0.04066666666666666 0.04533333333333334
0 0.7203333333333334 0.13666666666666666 0.05533333333333333 0.052
0 0.8003333333333333 0.17933333333333334 0.056666666666666664 0.05466666666666667
0 0.5343333333333333 0.3873333333333333 0.038 0.04666666666666667
0 0.4023333333333333 0.31033333333333335 0.054 0.062
0 0.20766666666666667 0.3446666666666667 0.05 0.052
0 0.030333333333333334 0.558 0.056666666666666664 0.052
0 0.5366666666666666 0.5286666666666666 0.044 0.037333333333333336
0 0.623 0.491 0.043333333333333335 0.04066666666666666
0 0.5296666666666666 0.6006666666666667 0.05 0.05333333333333334
0 0.49566666666666664 0.627 0.03933333333333333 0.04733333333333333
0 0.8473333333333334 0.6426666666666667 0.048 0.04533333333333334
0 0.15033333333333335 0.663 0.058 0.058
0 0.263 0.9146666666666666 0.05 0.06133333333333333
