0 0.44533333333333336 0.06766666666666667 0.04666666666666667 0.04733333333333333
0 0.8863333333333333 0.071 0.046 0.05533333333333333
0 0.9403333333333334 0.05466666666666667 0.048666666666666664 0.042666666666666665
0 0.38433333333333336 0.13033333333333333 0.062 0.06333333333333334
0 0.272 0.146 0.05333333333333334 0.04933333333333333
0 0.436 0.23966666666666667 0.04533333333333334 0.04466666666666667
0 0.8843333333333333 0.34 0.03933333333333333 0.04133333333333333
0 0.6356666666666667 0.43033333333333335 0.04466666666666667 0.05
0 0.4593333333333333 0.39766666666666667 0.04 0.038
0 0.48533333333333334 0.59 0.042666666666666665 0.04933333333333333
0 0.782 0.5746666666666667 0.04133333333333333 0.04666666666666667
0 0.3893333333333333 0.728 0.052 0.06
