0 0.8713333333333333 0.04766666666666667 0.044 0.03933333333333333
0 0.7916666666666666 0.11233333333333333 0.05 0.04466666666666667
0 0.6173333333333333 0.18566666666666667 0.05333333333333334 0.043333333333333335
0 0.593 0.38 0.05 0.056
0 0.8186666666666667 0.434 0.042666666666666665 0.05466666666666667
0 0.8793333333333333 0.43933333333333335 0.04666666666666667 0.03866666666666667
1 0.849 0.5453333333333333 0.04066666666666666 0.042666666666666665
1 0.10633333333333334 0.5186666666666667 0.04733333333333333 0.03866666666666667
0 0.7276666666666667 0.606 0.05 0.048
0 0.699 0.6553333333333333 0.051333333333333335 0.06
0 0.964 0.6063333333333333 0.034666666666666665 0.05533333333333333
0 0.47433333333333333 0.95 0.05 0.04666666666666667
