0 0.174 0.167 0.05333333333333334 0.05
0 0.36666666666666664 0.16233333333333333 0.04666666666666667 0.04733333333333333
0 0.4176666666666667 0.17266666666666666 0.056666666666666664 0.052
0 0.589 0.10833333333333334 0.062 0.056666666666666664
0 0.6536666666666666 0.030666666666666665 0.046 0.05333333333333334
0 0.704 0.233 0.05333333333333334 0.048666666666666664
0 0.6033333333333334 0.23566666666666666 0.05333333333333334 0.043333333333333335
0 0.645 0.4603333333333333 0.05 0.058
0 0.9016666666666666 0.4503333333333333 0.05266666666666667 0.056666666666666664
0 0.8726666666666667 0.361 0.05333333333333334 0.056666666666666664
0 0.9566666666666667 0.5736666666666667 0.056 0.05266666666666667
0 0.8096666666666666 0.7953333333333333 0.04466666666666667 0.048
0 0.8346666666666667 0.8986666666666666 0.05733333333333333 0.058666666666666666
0 0.6116666666666667 0.806 0.062 0.05466666666666667
0 0.6116666666666667 0.6886666666666666 0.04466666666666667 0.048
0 0.13866666666666666 0.663 0.06533333333333333 0.058
0 0.05366666666666667 0.6596666666666666 0.05533333333333333 0.051333333333333335
0 0.22 0.9366666666666666 0.06666666666666667 0.06133333333333333
0 0.43733333333333335 0.9023333333333333 0.05333333333333334 0.051333333333333335
1 0.30266666666666664 0.14833333333333334 0.04666666666666667 0.048666666666666664
1 0.3423333333333333 0.11466666666666667 0.05 0.042666666666666665
1 0.584 0.33266666666666667 0.056 0.05466666666666667
1 0.462 0.8603333333333333 0.06133333333333333 0.04733333333333333
1 0.42833333333333334 0.6143333333333333 0.05 0.03933333333333333
1 0.5043333333333333 0.4093333333333333 0.05 0.04666666666666667
