0 0.06166666666666667 0.147 0.054 0.058
0 0.09833333333333333 0.362 0.038 0.044
0 0.123 0.44333333333333336 0.048666666666666664 0.05333333333333334
0 0.448 0.30766666666666664 0.037333333333333336 0.03933333333333333
0 0.602 0.021666666666666667 0.050666666666666665 0.043333333333333335
0 0.691 0.058333333333333334 0.051333333333333335 0.054
0 0.7313333333333333 0.19266666666666668 0.04 0.04933333333333333
0 0.783 0.152 0.05 0.050666666666666665
0 0.8636666666666667 0.12966666666666668 0.04733333333333333 0.048666666666666664
0 0.954 0.12533333333333332 0.044 0.044
0 0.8926666666666667 0.289 0.05333333333333334 0.05266666666666667
1 0.817 0.122 0.03933333333333333 0.04
1 0.5583333333333333 0.5766666666666667 0.038 0.036
1 0.5753333333333334 0.8893333333333333 0.04533333333333334 0.04933333333333333
1 0.7586666666666667 0.6506666666666666 0.02666666666666667 0.029333333333333333
0 0.8456666666666667 0.412 0.051333333333333335 0.048
0 0.8316666666666667 0.4866666666666667 0.04466666666666667 0.05733333333333333
0 0.7913333333333333 0.4593333333333333 0.050666666666666665 0.05333333333333334
0 0.406 0.577 0.032 0.048666666666666664
0 0.647 0.645 0.03933333333333333 0.054
0 0.6906666666666667 0.6606666666666666 0.03866666666666667 0.04666666666666667
0 0.8013333333333333 0.6396666666666667 0.04666666666666667 0.046
0 0.6046666666666667 0.7983333333333333 0.044 0.05266666666666667
0 0.6946666666666667 0.7863333333333333 0.05333333333333334 0.03933333333333333
0 0.7723333333333333 0.89 0.03666666666666667 0.04133333333333333
0 0.301 0.8843333333333333 0.05 0.046
