0 0.398 0.154 0.05466666666666667 0.05466666666666667
0 0.32866666666666666 0.4026666666666667 0.06666666666666667 0.05333333333333334
0 0.6416666666666667 0.37566666666666665 0.06333333333333334 0.066
0 0.75 0.4056666666666667 0.064 0.054
0 0.9816666666666667 0.15366666666666667 0.03133333333333333 0.07533333333333334
0 0.8036666666666666 0.5766666666666667 0.056666666666666664 0.05333333333333334
0 0.437 0.563 0.06066666666666667 0.062
0 0.226 0.724 0.044 0.05333333333333334
0 0.2776666666666667 0.7646666666666667 0.059333333333333335 0.052
0 0.4186666666666667 0.6503333333333333 0.052 0.056666666666666664
0 0.4713333333333333 0.8896666666666667 0.04933333333333333 0.03933333333333333
0 0.45566666666666666 0.931 0.05 0.043333333333333335
0 0.618 0.7656666666666667 0.048 0.046
0 0.892 0.815 0.04133333333333333 0.051333333333333335
0 0.945 0.8036666666666666 0.056666666666666664 0.06066666666666667
0 0.918 0.9086666666666666 0.048 0.06
0 0.618 0.689 0.048 0.04466666666666667
0 0.08933333333333333 0.5036666666666667 0.05333333333333334 0.056666666666666664
0 0.594 0.6446666666666667 0.04133333333333333 0.048
0 0.777 0.028 0.058 0.048
0 0.24933333333333332 0.9796666666666667 0.06666666666666667 0.038
