0 0.3516666666666667 0.09766666666666667 0.048666666666666664 0.05
0 0.21666666666666667 0.2816666666666667 0.050666666666666665 0.05
0 0.21466666666666667 0.341 0.042666666666666665 0.03133333333333333
0 0.043333333333333335 0.3413333333333333 0.04533333333333334 0.04133333333333333
0 0.6293333333333333 0.163 0.042666666666666665 0.043333333333333335
0 0.721 0.13966666666666666 0.054 0.05533333333333333
0 0.8733333333333333 0.10566666666666667 0.06133333333333333 0.05533333333333333
0 0.758 0.22666666666666666 0.04133333333333333 0.04666666666666667
0 0.6396666666666667 0.32066666666666666 0.043333333333333335 0.050666666666666665
0 0.6296666666666667 0.45766666666666667 0.046 0.05
0 0.6763333333333333 0.5226666666666666 0.043333333333333335 0.042666666666666665
0 0.652 0.6303333333333333 0.042666666666666665 0.048666666666666664
0 0.5643333333333334 0.43866666666666665 0.046 0.04666666666666667
0 0.2846666666666667 0.4206666666666667 0.048 0.048
0 0.2743333333333333 0.4696666666666667 0.04466666666666667 0.043333333333333335
0 0.10066666666666667 0.601 0.052 0.048666666666666664
0 0.07233333333333333 0.646 0.03933333333333333 0.044
0 0.12666666666666668 0.6723333333333333 0.036 0.043333333333333335
0 0.274 0.6383333333333333 0.048 0.046
0 0.2753333333333333 0.82 0.04666666666666667 0.048
0 0.10533333333333333 0.7933333333333333 0.048 0.05733333333333333
0 0.367 0.849 0.038 0.04466666666666667
0 0.6186666666666667 0.8806666666666667 0.05466666666666667 0.05333333333333334
0 0.5006666666666667 0.51 0.04 0.048
1 0.23866666666666667 0.14333333333333334 0.04666666666666667 0.034666666666666665
1 0.3416666666666667 0.14766666666666667 0.051333333333333335 0.043333333333333335
1 0.5953333333333334 0.368 0.042666666666666665 0.050666666666666665
1 0.805 0.8656666666666667 0.05266666666666667 0.03933333333333333
1 0.851 0.882 0.04466666666666667 0.048
0 0.6803333333333333 0.108 0.038 0.036
