0 0.2856666666666667 0.035 0.05 0.048666666666666664
0 0.4876666666666667 0.058 0.04066666666666666 0.042666666666666665
0 0.6933333333333334 0.07966666666666666 0.04933333333333333 0.038
0 0.6976666666666667 0.03933333333333333 0.034 0.03333333333333333
0 0.7466666666666667 0.24666666666666667 0.04 0.052
0 0.8466666666666667 0.24933333333333332 0.04666666666666667 0.04933333333333333
0 0.8396666666666667 0.30866666666666664 0.043333333333333335 0.048
0 0.7856666666666666 0.5216666666666666 0.048666666666666664 0.051333333333333335
0 0.795 0.7603333333333333 0.06066666666666667 0.05266666666666667
0 0.661 0.6296666666666667 0.056666666666666664 0.054
0 0.541 0.6183333333333333 0.042 0.04066666666666666
0 0.35233333333333333 0.6233333333333333 0.043333333333333335 0.05466666666666667
0 0.3893333333333333 0.43433333333333335 0.04533333333333334 0.05533333333333333
0 0.347 0.30566666666666664 0.043333333333333335 0.043333333333333335
0 0.27666666666666667 0.23666666666666666 0.05333333333333334 0.058666666666666666
0 0.13566666666666666 0.25633333333333336 0.043333333333333335 0.03933333333333333
0 0.144 0.294 0.042666666666666665 0.04
0 0.24233333333333335 0.42433333333333334 0.046 0.05
0 0.41133333333333333 0.6966666666666667 0.042666666666666665 0.04
0 0.10866666666666666 0.9643333333333334 0.05466666666666667 0.05533333333333333
0 0.26966666666666667 0.965 0.046 0.046
0 0.7156666666666667 0.909 0.05 0.04466666666666667
0 0.7983333333333333 0.9123333333333333 0.043333333333333335 0.056666666666666664
0 0.844 0.9266666666666666 0.04533333333333334 0.052
0 0.947 0.9093333333333333 0.058 0.05466666666666667
1 0.095 0.38266666666666665 0.04066666666666666 0.04533333333333334
1 0.8186666666666667 0.17266666666666666 0.042666666666666665 0.050666666666666665
1 0.9463333333333334 0.15933333333333333 0.054 0.06
