0 0.2683333333333333 0.139 0.043333333333333335 0.03666666666666667
0 0.443 0.10633333333333334 0.051333333333333335 0.056666666666666664
0 0.8723333333333333 0.12033333333333333 0.054 0.06066666666666667
0 0.958 0.06666666666666667 0.04133333333333333 0.042666666666666665
0 0.971 0.209 0.051333333333333335 0.051333333333333335
0 0.818 0.24833333333333332 0.052 0.048666666666666664
0 0.7706666666666667 0.31266666666666665 0.050666666666666665 0.05333333333333334
0 0.411 0.24933333333333332 0.054 0.050666666666666665
0 0.13633333333333333 0.213 0.051333333333333335 0.04733333333333333
0 0.082 0.19 0.04666666666666667 0.044
0 0.094 0.316 0.042666666666666665 0.04666666666666667
0 0.026333333333333334 0.32666666666666666 0.04466666666666667 0.04933333333333333
0 0.276 0.4093333333333333 0.04133333333333333 0.036
0 0.326 0.49833333333333335 0.052 0.04466666666666667
0 0.45466666666666666 0.554 0.052 0.050666666666666665
0 0.566 0.7103333333333334 0.04666666666666667 0.043333333333333335
0 0.8483333333333334 0.5383333333333333 0.043333333333333335 0.05266666666666667
0 0.899 0.631 0.04733333333333333 0.043333333333333335
0 0.931 0.7333333333333333 0.056666666666666664 0.048
0 0.8956666666666667 0.917 0.058 0.054
0 0.957 0.958 0.05 0.05333333333333334
0 0.3473333333333333 0.7923333333333333 0.044 0.051333333333333335
1 0.5113333333333333 0.407 0.04133333333333333 0.051333333333333335
1 0.386 0.3343333333333333 0.044 0.048666666666666664
1 0.342 0.4256666666666667 0.029333333333333333 0.035333333333333335
1 0.05566666666666667 0.454 0.048666666666666664 0.04666666666666667
