0 0.12 0.081 0.05466666666666667 0.051333333333333335
0 0.5803333333333334 0.11966666666666667 0.046 0.043333333333333335
0 0.9733333333333334 0.07933333333333334 0.048 0.05466666666666667
0 0.9253333333333333 0.398 0.048 0.048
0 0.774 0.3516666666666667 0.036 0.04466666666666667
0 0.42866666666666664 0.24466666666666667 0.04133333333333333 0.04933333333333333
0 0.20366666666666666 0.2916666666666667 0.046 0.04733333333333333
0 0.29933333333333334 0.32066666666666666 0.04666666666666667 0.050666666666666665
0 0.503 0.39566666666666667 0.03666666666666667 0.03933333333333333
0 0.733 0.48633333333333334 0.03933333333333333 0.03933333333333333
0 0.9286666666666666 0.652 0.050666666666666665 0.04933333333333333
0 0.4553333333333333 0.8583333333333333 0.04 0.04733333333333333
0 0.35 0.8726666666666667 0.050666666666666665 0.04933333333333333
0 0.253 0.825 0.05 0.05266666666666667
0 0.20433333333333334 0.8053333333333333 0.038 0.044
0 0.20166666666666666 0.716 0.03666666666666667 0.037333333333333336
0 0.11933333333333333 0.47333333333333333 0.04666666666666667 0.048
0 0.19533333333333333 0.361 0.05466666666666667 0.05
1 0.491 0.552 0.042 0.04533333333333334
1 0.401 0.666 0.04066666666666666 0.032
1 0.3526666666666667 0.587 0.042666666666666665 0.03666666666666667
1 0.45166666666666666 0.8173333333333334 0.03266666666666666 0.030666666666666665
