1 0.27566666666666667 0.5176666666666667 0.038 0.04733333333333333
1 0.2866666666666667 0.665 0.058666666666666666 0.051333333333333335
1 0.6046666666666667 0.5606666666666666 0.048 0.05333333333333334
1 0.7746666666666666 0.6066666666666667 0.04133333333333333 0.05466666666666667
1 0.491 0.7356666666666667 0.042 0.051333333333333335
1 0.15066666666666667 0.454 0.04133333333333333 0.04
0 0.3253333333333333 0.21633333333333332 0.05333333333333334 0.05
0 0.21633333333333332 0.065 0.043333333333333335 0.03933333333333333
0 0.639 0.188 0.048666666666666664 0.044
0 0.727 0.105 0.062 0.05
0 0.8773333333333333 0.084 0.04933333333333333 0.044
0 0.891 0.15833333333333333 0.056666666666666664 0.056666666666666664
0 0.893 0.03133333333333333 0.05 0.04533333333333334
0 0.9236666666666666 0.3473333333333333 0.046 0.04933333333333333
0 0.7743333333333333 0.38266666666666665 0.056666666666666664 0.056
0 0.7753333333333333 0.463 0.04133333333333333 0.043333333333333335
0 0.8543333333333333 0.6193333333333333 0.05533333333333333 0.05333333333333334
0 0.9003333333333333 0.7683333333333333 0.051333333333333335 0.051333333333333335
0 0.5246666666666666 0.92 0.04933333333333333 0.048
0 0.4043333333333333 0.9266666666666666 0.054 0.052
0 0.3293333333333333 0.93 0.06266666666666666 0.06266666666666666
0 0.31633333333333336 0.8213333333333334 0.05266666666666667 0.052
0 0.19366666666666665 0.8966666666666666 0.03266666666666666 0.042666666666666665
0 0.08566666666666667 0.38533333333333336 0.056666666666666664 0.04933333333333333
0 0.13366666666666666 0.492 0.05 0.04666666666666667
0 0.27066666666666667 0.5683333333333334 0.052 0.04466666666666667
0 0.052 0.5713333333333334 0.04133333333333333 0.04666666666666667
0 0.5316666666666666 0.5813333333333334 0.05266666666666667 0.06
0 0.5606666666666666 0.472 0.056 0.044
0 0.44533333333333336 0.295 0.056 0.058
0 0.38433333333333336 0.2743333333333333 0.062 0.058
0 0.7243333333333334 0.5573333333333333 0.054 0.056
0 0.44866666666666666 0.745 0.04933333333333333 0.05
0 0.986 0.237 0.025333333333333333 0.056666666666666664
