0 0.025333333333333333 0.21166666666666667 0.04666666666666667 0.043333333333333335
0 0.38966666666666666 0.17066666666666666 0.058 0.052
0 0.7036666666666667 0.09633333333333334 0.04733333333333333 0.046
0 0.8136666666666666 0.174 0.056666666666666664 0.048
0 0.15133333333333332 0.688 0.05333333333333334 0.04666666666666667
0 0.192 0.8133333333333334 0.05333333333333334 0.048
0 0.5796666666666667 0.886 0.056666666666666664 0.050666666666666665
0 0.887 0.8536666666666667 0.051333333333333335 0.056666666666666664
0 0.5306666666666666 0.9263333333333333 0.052 0.048666666666666664
0 0.069 0.9463333333333334 0.05533333333333333 0.043333333333333335
