1 0.7586666666666667 0.3463333333333333 0.044 0.048666666666666664
1 0.238 0.059666666666666666 0.037333333333333336 0.046
0 0.218 0.21833333333333332 0.04666666666666667 0.05
0 0.6253333333333333 0.048666666666666664 0.04533333333333334 0.048
0 0.91 0.199 0.05333333333333334 0.05
0 0.9836666666666667 0.156 0.027333333333333334 0.05333333333333334
0 0.8903333333333333 0.3393333333333333 0.04466666666666667 0.052
0 0.96 0.48833333333333334 0.04666666666666667 0.043333333333333335
0 0.7566666666666667 0.5156666666666667 0.04666666666666667 0.05
0 0.644 0.48433333333333334 0.05466666666666667 0.05533333333333333
0 0.45666666666666667 0.427 0.044 0.04466666666666667
0 0.2856666666666667 0.711 0.046 0.04466666666666667
0 0.6546666666666666 0.7126666666666667 0.04533333333333334 0.04133333333333333
0 0.754 0.714 0.04133333333333333 0.03866666666666667
0 0.32 0.9203333333333333 0.042666666666666665 0.05266666666666667
