1 0.5386666666666666 0.31866666666666665 0.05333333333333334 0.048
1 0.237 0.41533333333333333 0.043333333333333335 0.044
1 0.12066666666666667 0.9293333333333333 0.052 0.04933333333333333
1 0.9213333333333333 0.739 0.048 0.04466666666666667
0 0.2703333333333333 0.21033333333333334 0.05 0.05533333333333333
0 0.10066666666666667 0.382 0.048 0.04933333333333333
0 0.02666666666666667 0.05733333333333333 0.04133333333333333 0.04533333333333334
0 0.862 0.196 0.056 0.04933333333333333
0 0.8413333333333334 0.261 0.05333333333333334 0.05
0 0.6973333333333334 0.3426666666666667 0.04133333333333333 0.048
0 0.7076666666666667 0.42133333333333334 0.051333333333333335 0.056
0 0.769 0.475 0.043333333333333335 0.046
0 0.9296666666666666 0.644 0.04466666666666667 0.05466666666666667
0 0.7656666666666667 0.5953333333333334 0.054 0.050666666666666665
0 0.5436666666666666 0.9396666666666667 0.03266666666666666 0.03933333333333333
0 0.6186666666666667 0.964 0.058666666666666666 0.05333333333333334
0 0.059 0.8616666666666667 0.04733333333333333 0.05
0 0.5286666666666666 0.7836666666666666 0.048 0.04733333333333333
0 0.7063333333333334 0.8043333333333333 0.038 0.035333333333333335
0 0.9366666666666666 0.9623333333333334 0.052 0.05533333333333333
1 0.812 0.6743333333333333 0.03866666666666667 0.03933333333333333
1 0.675 0.549 0.016666666666666666 0.026
1 0.37566666666666665 0.874 0.038 0.04
0 0.5316666666666666 0.27166666666666667 0.05266666666666667 0.046
