0 0.3233333333333333 0.07766666666666666 0.04933333333333333 0.05533333333333333
0 0.2916666666666667 0.20033333333333334 0.051333333333333335 0.04066666666666666
0 0.5743333333333334 0.11333333333333333 0.06066666666666667 0.050666666666666665
0 0.7543333333333333 0.14066666666666666 0.04733333333333333 0.04666666666666667
0 0.8336666666666667 0.24833333333333332 0.05533333333333333 0.062
0 0.964 0.37366666666666665 0.04133333333333333 0.04466666666666667
0 0.936 0.41633333333333333 0.04666666666666667 0.043333333333333335
0 0.5886666666666667 0.5973333333333334 0.04666666666666667 0.04666666666666667
0 0.6566666666666666 0.7036666666666667 0.04133333333333333 0.04733333333333333
0 0.942 0.8746666666666667 0.06133333333333333 0.052
0 0.9866666666666667 0.6676666666666666 0.024 0.06333333333333334
0 0.38033333333333336 0.6976666666666667 0.043333333333333335 0.04733333333333333
