0 0.044333333333333336 0.051333333333333335 0.05266666666666667 0.06
0 0.085 0.09933333333333333 0.058 0.06
0 0.13633333333333333 0.30533333333333335 0.051333333333333335 0.052
0 0.045 0.411 0.048666666666666664 0.05
0 0.167 0.58 0.056666666666666664 0.07066666666666667
0 0.083 0.7406666666666667 0.048666666666666664 0.04533333333333334
0 0.098 0.8663333333333333 0.06666666666666667 0.059333333333333335
0 0.3636666666666667 0.6636666666666666 0.05533333333333333 0.056666666666666664
0 0.43166666666666664 0.4633333333333333 0.04733333333333333 0.052
0 0.48133333333333334 0.4713333333333333 0.042666666666666665 0.04933333333333333
0 0.6323333333333333 0.30333333333333334 0.051333333333333335 0.048
0 0.7803333333333333 0.3396666666666667 0.06866666666666667 0.05533333333333333
0 0.7843333333333333 0.38766666666666666 0.046 0.042
0 0.825 0.5006666666666667 0.042 0.050666666666666665
0 0.9686666666666667 0.788 0.06266666666666666 0.06666666666666667
0 0.8383333333333334 0.9356666666666666 0.056666666666666664 0.056666666666666664
0 0.458 0.9443333333333334 0.05333333333333334 0.056666666666666664
0 0.5626666666666666 0.7006666666666667 0.06 0.058666666666666666
0 0.5246666666666666 0.659 0.05333333333333334 0.05266666666666667
0 0.7266666666666667 0.706 0.04533333333333334 0.06133333333333333
1 0.221 0.31033333333333335 0.058 0.05533333333333333
1 0.3526666666666667 0.25766666666666665 0.04666666666666667 0.05
1 0.4063333333333333 0.4096666666666667 0.04466666666666667 0.05
1 0.6273333333333333 0.4683333333333333 0.048 0.04466666666666667
1 0.7473333333333333 0.6273333333333333 0.048 0.058666666666666666
