1 0.5863333333333334 0.3566666666666667 0.05 0.048
1 0.8183333333333334 0.8523333333333334 0.048666666666666664 0.048666666666666664
1 0.8636666666666667 0.8633333333333333 0.043333333333333335 0.05333333333333334
0 0.049666666666666665 0.336 0.054 0.052
0 0.22 0.27366666666666667 0.05733333333333333 0.056666666666666664
0 0.21966666666666668 0.3343333333333333 0.043333333333333335 0.042
0 0.3536666666666667 0.09133333333333334 0.05533333333333333 0.058666666666666666
0 0.626 0.15333333333333332 0.04666666666666667 0.048
0 0.758 0.21366666666666667 0.048 0.04466666666666667
0 0.721 0.12966666666666668 0.05266666666666667 0.059333333333333335
0 0.6806666666666666 0.09 0.04133333333333333 0.03866666666666667
0 0.8743333333333333 0.09433333333333334 0.06333333333333334 0.054
0 0.6363333333333333 0.44433333333333336 0.05 0.04466666666666667
0 0.6816666666666666 0.5083333333333333 0.04466666666666667 0.051333333333333335
0 0.6563333333333333 0.612 0.04733333333333333 0.04666666666666667
0 0.5696666666666667 0.441 0.043333333333333335 0.051333333333333335
0 0.6326666666666667 0.8713333333333333 0.05333333333333334 0.05466666666666667
0 0.2866666666666667 0.818 0.048 0.052
0 0.2866666666666667 0.41133333333333333 0.058666666666666666 0.06
0 0.2826666666666667 0.46266666666666667 0.04533333333333334 0.04666666666666667
0 0.2826666666666667 0.63 0.052 0.05333333333333334
0 0.5093333333333333 0.496 0.042666666666666665 0.06533333333333333
0 0.10833333333333334 0.595 0.06066666666666667 0.054
0 0.08133333333333333 0.6426666666666667 0.03866666666666667 0.05466666666666667
0 0.133 0.6676666666666666 0.038 0.043333333333333335
0 0.11066666666666666 0.786 0.050666666666666665 0.06
0 0.38 0.8386666666666667 0.050666666666666665 0.048
0 0.6333333333333333 0.30766666666666664 0.042666666666666665 0.05
1 0.33466666666666667 0.141 0.052 0.043333333333333335
1 0.24133333333333334 0.13833333333333334 0.05466666666666667 0.042
