0 0.278 0.14333333333333334 0.048 0.044
0 0.447 0.109 0.05266666666666667 0.058
0 0.417 0.24233333333333335 0.058 0.054
0 0.15033333333333335 0.213 0.058 0.04733333333333333
0 0.09866666666666667 0.189 0.058666666666666666 0.054
0 0.10866666666666666 0.311 0.05466666666666667 0.056666666666666664
0 0.041 0.32233333333333336 0.054 0.051333333333333335
0 0.2853333333333333 0.399 0.050666666666666665 0.04733333333333333
0 0.3323333333333333 0.4866666666666667 0.05 0.04
0 0.456 0.5393333333333333 0.05733333333333333 0.05466666666666667
0 0.567 0.6923333333333334 0.051333333333333335 0.04466666666666667
0 0.8386666666666667 0.5236666666666666 0.04533333333333334 0.04733333333333333
0 0.8873333333333333 0.6176666666666667 0.048 0.046
0 0.9196666666666666 0.715 0.048666666666666664 0.048666666666666664
0 0.3556666666666667 0.7746666666666666 0.046 0.048
0 0.88 0.8886666666666667 0.06133333333333333 0.068
0 0.943 0.931 0.046 0.05266666666666667
0 0.7776666666666666 0.9746666666666667 0.06066666666666667 0.04533333333333334
0 0.7596666666666667 0.31466666666666665 0.058 0.05733333333333333
0 0.812 0.243 0.064 0.062
0 0.8593333333333333 0.11933333333333333 0.056 0.06133333333333333
0 0.9486666666666667 0.06866666666666667 0.052 0.05333333333333334
0 0.9546666666666667 0.208 0.06 0.06
1 0.392 0.325 0.050666666666666665 0.046
1 0.3516666666666667 0.4156666666666667 0.03133333333333333 0.03133333333333333
1 0.5143333333333333 0.398 0.043333333333333335 0.044
1 0.07233333333333333 0.44666666666666666 0.05 0.05333333333333334
