0 0.11166666666666666 0.13633333333333333 0.06333333333333334 0.058
0 0.39166666666666666 0.327 0.056666666666666664 0.05
0 0.47733333333333333 0.541 0.06266666666666666 0.062
0 0.8626666666666667 0.489 0.05466666666666667 0.05533333333333333
0 0.4796666666666667 0.881 0.056666666666666664 0.06066666666666667
0 0.30233333333333334 0.947 0.056666666666666664 0.05533333333333333
1 0.13166666666666665 0.49366666666666664 0.05533333333333333 0.04733333333333333
1 0.03966666666666667 0.20766666666666667 0.04466666666666667 0.03933333333333333
1 0.644 0.142 0.04133333333333333 0.034666666666666665
1 0.6713333333333333 0.11433333333333333 0.04666666666666667 0.038
1 0.7093333333333334 0.09366666666666666 0.048 0.05533333333333333
1 0.7526666666666667 0.10633333333333334 0.03866666666666667 0.04733333333333333
0 0.5743333333333334 0.021 0.06066666666666667 0.038
