0 0.19066666666666668 0.184 0.056 0.064
0 0.063 0.278 0.043333333333333335 0.048
0 0.5293333333333333 0.2826666666666667 0.04133333333333333 0.04133333333333333
0 0.5953333333333334 0.23366666666666666 0.05733333333333333 0.05266666666666667
0 0.6506666666666666 0.3293333333333333 0.04133333333333333 0.048
0 0.7976666666666666 0.248 0.051333333333333335 0.058666666666666666
0 0.8886666666666667 0.36133333333333334 0.056 0.05333333333333334
0 0.567 0.49933333333333335 0.066 0.06533333333333333
0 0.18466666666666667 0.5233333333333333 0.048 0.048
0 0.11433333333333333 0.703 0.051333333333333335 0.048666666666666664
0 0.05266666666666667 0.793 0.05333333333333334 0.056666666666666664
0 0.4186666666666667 0.771 0.06533333333333333 0.056666666666666664
0 0.41733333333333333 0.868 0.052 0.04533333333333334
0 0.5676666666666667 0.7473333333333333 0.056666666666666664 0.058666666666666666
0 0.7836666666666666 0.7493333333333333 0.062 0.06133333333333333
0 0.852 0.6293333333333333 0.04133333333333333 0.042666666666666665
0 0.8886666666666667 0.5703333333333334 0.05466666666666667 0.048666666666666664
0 0.757 0.96 0.05266666666666667 0.056
0 0.622 0.9523333333333334 0.052 0.05533333333333333
0 0.24666666666666667 0.9746666666666667 0.050666666666666665 0.048
1 0.47833333333333333 0.14266666666666666 0.046 0.04666666666666667
1 0.3293333333333333 0.8043333333333333 0.052 0.05533333333333333
1 0.7496666666666667 0.6593333333333333 0.04466666666666667 0.05333333333333334
1 0.974 0.5953333333333334 0.04666666666666667 0.04
1 0.517 0.7403333333333333 0.034 0.051333333333333335
