0 0.2773333333333333 0.143 0.052 0.05
0 0.207 0.29733333333333334 0.035333333333333335 0.050666666666666665
0 0.4583333333333333 0.255 0.051333333333333335 0.05533333333333333
0 0.5073333333333333 0.23833333333333334 0.05733333333333333 0.05533333333333333
0 0.8443333333333334 0.13733333333333334 0.04466666666666667 0.04933333333333333
0 0.8333333333333334 0.04066666666666666 0.05466666666666667 0.06
0 0.8946666666666667 0.04533333333333334 0.04933333333333333 0.044
0 0.9333333333333333 0.4023333333333333 0.06133333333333333 0.05266666666666667
0 0.8226666666666667 0.42733333333333334 0.06 0.056
0 0.9133333333333333 0.545 0.042666666666666665 0.043333333333333335
0 0.521 0.38433333333333336 0.03933333333333333 0.042
0 0.3393333333333333 0.23966666666666667 0.05466666666666667 0.04466666666666667
0 0.7056666666666667 0.603 0.043333333333333335 0.042
0 0.6556666666666666 0.7456666666666667 0.05 0.05533333333333333
0 0.9416666666666667 0.9446666666666667 0.051333333333333335 0.04933333333333333
0 0.8723333333333333 0.973 0.05 0.04733333333333333
0 0.10466666666666667 0.9196666666666666 0.05733333333333333 0.05533333333333333
0 0.06366666666666666 0.9343333333333333 0.043333333333333335 0.046
0 0.076 0.8333333333333334 0.048 0.04133333333333333
0 0.054 0.6993333333333334 0.052 0.050666666666666665
0 0.15266666666666667 0.738 0.04933333333333333 0.03866666666666667
0 0.19333333333333333 0.765 0.056 0.04466666666666667
0 0.176 0.614 0.048 0.04933333333333333
0 0.5066666666666667 0.5143333333333333 0.048 0.059333333333333335
0 0.5746666666666667 0.5656666666666667 0.050666666666666665 0.056666666666666664
0 0.19633333333333333 0.4513333333333333 0.05 0.04133333333333333
0 0.085 0.37233333333333335 0.051333333333333335 0.051333333333333335
0 0.033 0.23133333333333334 0.051333333333333335 0.052
