0 0.3436666666666667 0.04766666666666667 0.05 0.043333333333333335
0 0.218 0.042 0.05333333333333334 0.048
0 0.025666666666666667 0.253 0.043333333333333335 0.043333333333333335
0 0.021666666666666667 0.211 0.03933333333333333 0.03266666666666666
0 0.373 0.17133333333333334 0.043333333333333335 0.048
0 0.45566666666666666 0.14733333333333334 0.05266666666666667 0.04133333333333333
0 0.5986666666666667 0.19633333333333333 0.04 0.05
0 0.7376666666666667 0.25 0.05 0.052
0 0.929 0.168 0.03666666666666667 0.036
0 0.7756666666666666 0.5076666666666667 0.043333333333333335 0.043333333333333335
0 0.3943333333333333 0.24433333333333335 0.04466666666666667 0.046
0 0.4523333333333333 0.302 0.042 0.058666666666666666
0 0.515 0.419 0.042 0.048666666666666664
0 0.5986666666666667 0.747 0.03866666666666667 0.043333333333333335
0 0.635 0.8726666666666667 0.03933333333333333 0.04133333333333333
0 0.9703333333333334 0.6923333333333334 0.04733333333333333 0.048666666666666664
0 0.939 0.82 0.04466666666666667 0.04533333333333334
0 0.9686666666666667 0.8523333333333334 0.04 0.04466666666666667
0 0.22866666666666666 0.7326666666666667 0.042666666666666665 0.042666666666666665
0 0.153 0.8783333333333333 0.05266666666666667 0.04466666666666667
0 0.10766666666666666 0.8576666666666667 0.04466666666666667 0.04733333333333333
0 0.2793333333333333 0.955 0.044 0.05266666666666667
1 0.059 0.838 0.051333333333333335 0.04666666666666667
1 0.521 0.9413333333333334 0.03933333333333333 0.04
0 0.9656666666666667 0.05433333333333333 0.05 0.05
