0 0.405 0.152 0.048666666666666664 0.048
0 0.33566666666666667 0.39866666666666667 0.062 0.05333333333333334
0 0.6506666666666666 0.375 0.06 0.06333333333333334
0 0.7616666666666667 0.4023333333333333 0.062 0.05266666666666667
0 0.985 0.15466666666666667 0.027333333333333334 0.06
0 0.795 0.031 0.054 0.05
0 0.44966666666666666 0.5613333333333334 0.06866666666666667 0.06533333333333333
0 0.42833333333333334 0.6483333333333333 0.05 0.046
0 0.819 0.574 0.054 0.048
0 0.904 0.8133333333333334 0.04533333333333334 0.048
0 0.9583333333333334 0.8036666666666666 0.05266666666666667 0.056666666666666664
0 0.9283333333333333 0.9076666666666666 0.048666666666666664 0.04466666666666667
0 0.6283333333333333 0.7646666666666667 0.04466666666666667 0.052
0 0.6306666666666667 0.6946666666666667 0.04533333333333334 0.04666666666666667
1 0.6056666666666667 0.644 0.043333333333333335 0.048
0 0.103 0.497 0.056666666666666664 0.054
0 0.23733333333333334 0.7193333333333334 0.04666666666666667 0.042666666666666665
0 0.2843333333333333 0.762 0.05533333333333333 0.06
0 0.48333333333333334 0.8953333333333333 0.042666666666666665 0.04533333333333334
0 0.4686666666666667 0.934 0.03866666666666667 0.042666666666666665
0 0.25633333333333336 0.978 0.06066666666666667 0.034666666666666665
