0 0.16633333333333333 0.18033333333333335 0.06333333333333334 0.054
0 0.18633333333333332 0.09166666666666666 0.066 0.048666666666666664
0 0.182 0.03766666666666667 0.04666666666666667 0.03933333333333333
0 0.07266666666666667 0.042666666666666665 0.048 0.044
0 0.796 0.08433333333333333 0.048 0.05
0 0.804 0.238 0.058666666666666666 0.06266666666666666
0 0.8716666666666667 0.23566666666666666 0.048666666666666664 0.05
1 0.9753333333333334 0.33266666666666667 0.04666666666666667 0.058666666666666666
1 0.309 0.5383333333333333 0.05 0.05
1 0.5036666666666667 0.8073333333333333 0.03933333333333333 0.04133333333333333
1 0.892 0.6223333333333333 0.04533333333333334 0.05
1 0.22233333333333333 0.38866666666666666 0.048666666666666664 0.042666666666666665
0 0.07566666666666666 0.39366666666666666 0.06066666666666667 0.05266666666666667
0 0.16533333333333333 0.39466666666666667 0.058666666666666666 0.05466666666666667
0 0.31466666666666665 0.36866666666666664 0.044 0.048
0 0.5023333333333333 0.3363333333333333 0.04733333333333333 0.048666666666666664
0 0.6786666666666666 0.4043333333333333 0.056 0.054
0 0.769 0.526 0.05266666666666667 0.06
1 0.5823333333333334 0.519 0.048666666666666664 0.04466666666666667
1 0.5936666666666667 0.30266666666666664 0.05 0.050666666666666665
0 0.21333333333333335 0.5296666666666666 0.05333333333333334 0.06066666666666667
0 0.2673333333333333 0.5153333333333333 0.05466666666666667 0.052
0 0.08833333333333333 0.801 0.04466666666666667 0.042
0 0.24233333333333335 0.9213333333333333 0.05 0.04533333333333334
0 0.54 0.894 0.05333333333333334 0.05466666666666667
0 0.44133333333333336 0.7433333333333333 0.048 0.036
0 0.4683333333333333 0.783 0.04466666666666667 0.03266666666666666
0 0.8476666666666667 0.796 0.051333333333333335 0.052
0 0.9116666666666666 0.7323333333333333 0.03933333333333333 0.051333333333333335
