0 0.397 0.163 0.03666666666666667 0.046
0 0.657 0.13233333333333333 0.05 0.056666666666666664
0 0.724 0.114 0.04666666666666667 0.052
0 0.9593333333333334 0.202 0.04133333333333333 0.04133333333333333
0 0.9653333333333334 0.24933333333333332 0.04666666666666667 0.042666666666666665
0 0.794 0.423 0.052 0.03933333333333333
0 0.7576666666666667 0.529 0.04466666666666667 0.048666666666666664
0 0.484 0.6716666666666666 0.04533333333333334 0.038
0 0.763 0.7873333333333333 0.042 0.037333333333333336
0 0.7953333333333333 0.8926666666666667 0.048 0.04666666666666667
0 0.795 0.941 0.03933333333333333 0.03933333333333333
0 0.5296666666666666 0.9216666666666666 0.03933333333333333 0.034
0 0.12033333333333333 0.8716666666666667 0.03666666666666667 0.038
0 0.223 0.82 0.038 0.037333333333333336
0 0.143 0.9316666666666666 0.05 0.04733333333333333
0 0.17533333333333334 0.965 0.03333333333333333 0.03933333333333333
1 0.07266666666666667 0.9463333333333334 0.04133333333333333 0.03666666666666667
1 0.134 0.7193333333333334 0.042666666666666665 0.042666666666666665
1 0.7766666666666666 0.361 0.028 0.03266666666666666
0 0.205 0.5766666666666667 0.038 0.04133333333333333
1 0.3413333333333333 0.665 0.034666666666666665 0.04066666666666666
1 0.41833333333333333 0.4523333333333333 0.04466666666666667 0.046
0 0.552 0.181 0.04 0.034
0 0.6696666666666666 0.6393333333333333 0.038 0.048
