0 0.15033333333333335 0.35433333333333333 0.051333333333333335 0.05
0 0.153 0.455 0.043333333333333335 0.04066666666666666
0 0.357 0.49166666666666664 0.04066666666666666 0.03933333333333333
0 0.5193333333333333 0.37633333333333335 0.056 0.05
0 0.616 0.050333333333333334 0.06 0.059333333333333335
0 0.811 0.04133333333333333 0.051333333333333335 0.05333333333333334
0 0.5696666666666667 0.5986666666666667 0.043333333333333335 0.050666666666666665
0 0.9693333333333334 0.595 0.05466666666666667 0.06066666666666667
0 0.8543333333333333 0.7613333333333333 0.048666666666666664 0.06133333333333333
0 0.47733333333333333 0.8423333333333334 0.048 0.051333333333333335
0 0.4166666666666667 0.9186666666666666 0.048 0.05733333333333333
0 0.07 0.8206666666666667 0.05333333333333334 0.056
0 0.10666666666666667 0.689 0.06 0.062
0 0.4583333333333333 0.985 0.059333333333333335 0.024666666666666667
0 0.33 0.8683333333333333 0.042666666666666665 0.04466666666666667
1 0.6376666666666667 0.38866666666666666 0.04466666666666667 0.050666666666666665
1 0.9383333333333334 0.465 0.048666666666666664 0.04466666666666667
1 0.9823333333333333 0.465 0.035333333333333335 0.048666666666666664
0 0.079 0.021666666666666667 0.05 0.03933333333333333
