0 0.439 0.23933333333333334 0.038 0.04133333333333333
0 0.5403333333333333 0.256 0.043333333333333335 0.04666666666666667
0 0.6226666666666667 0.20233333333333334 0.05733333333333333 0.056666666666666664
0 0.7796666666666666 0.22533333333333333 0.056666666666666664 0.05733333333333333
0 0.7716666666666666 0.313 0.05533333333333333 0.05
0 0.6463333333333333 0.36733333333333335 0.051333333333333335 0.05466666666666667
0 0.5906666666666667 0.56 0.048 0.048
0 0.7406666666666667 0.5086666666666667 0.052 0.048
0 0.8113333333333334 0.7826666666666666 0.052 0.05333333333333334
0 0.806 0.892 0.04533333333333334 0.04533333333333334
