1 0.11466666666666667 0.31533333333333335 0.042666666666666665 0.052
0 0.422 0.07633333333333334 0.04133333333333333 0.04466666666666667
0 0.495 0.07933333333333334 0.056666666666666664 0.058666666666666666
0 0.813 0.036 0.038 0.06
0 0.9616666666666667 0.147 0.05266666666666667 0.042
0 0.911 0.36666666666666664 0.058 0.06
0 0.8506666666666667 0.5673333333333334 0.05466666666666667 0.06
0 0.713 0.5106666666666667 0.051333333333333335 0.05333333333333334
1 0.46366666666666667 0.7406666666666667 0.038 0.04533333333333334
0 0.14333333333333334 0.644 0.048 0.048
0 0.09166666666666666 0.811 0.042 0.048666666666666664
