1 0.9516666666666667 0.5686666666666667 0.05 0.052
1 0.9403333333333334 0.7366666666666667 0.04733333333333333 0.05333333333333334
0 0.5046666666666667 0.43766666666666665 0.06133333333333333 0.051333333333333335
0 0.768 0.41633333333333333 0.05466666666666667 0.046
0 0.7896666666666666 0.369 0.043333333333333335 0.042
0 0.9436666666666667 0.4103333333333333 0.042 0.051333333333333335
0 0.4043333333333333 0.6223333333333333 0.05 0.056666666666666664
0 0.10166666666666667 0.5556666666666666 0.05 0.05
0 0.06066666666666667 0.5386666666666666 0.04533333333333334 0.042666666666666665
0 0.35233333333333333 0.751 0.05266666666666667 0.051333333333333335
0 0.11033333333333334 0.881 0.051333333333333335 0.05
0 0.8426666666666667 0.8546666666666667 0.06 0.058666666666666666
0 0.8623333333333333 0.9726666666666667 0.062 0.048
0 0.6073333333333333 0.8193333333333334 0.05333333333333334 0.04133333333333333
0 0.566 0.7216666666666667 0.05333333333333334 0.05533333333333333
0 0.5973333333333334 0.6733333333333333 0.058666666666666666 0.052
