0 0.10633333333333334 0.30433333333333334 0.06066666666666667 0.056666666666666664
0 0.31166666666666665 0.219 0.05533333333333333 0.07533333333333334
0 0.451 0.293 0.056666666666666664 0.06466666666666666
0 0.7563333333333333 0.288 0.058 0.056
0 0.7426666666666667 0.4723333333333333 0.052 0.05533333333333333
0 0.4866666666666667 0.517 0.050666666666666665 0.06466666666666666
0 0.4 0.5426666666666666 0.04133333333333333 0.05466666666666667
0 0.06566666666666666 0.555 0.048666666666666664 0.04466666666666667
1 0.057 0.5043333333333333 0.04466666666666667 0.05
1 0.568 0.49066666666666664 0.04133333333333333 0.048
0 0.5023333333333333 0.12366666666666666 0.04733333333333333 0.03933333333333333
0 0.7716666666666666 0.642 0.04733333333333333 0.042666666666666665
0 0.861 0.7426666666666667 0.04466666666666667 0.04133333333333333
0 0.9723333333333334 0.409 0.043333333333333335 0.06066666666666667
